Matriz de scores:
0 0 0 0 0 0 0 0 0 0 0 0 0 0 0 0 0 0 0 0 0 0 0 0 0 0 0 0 0 0 0 0 0 0 0 0 0 0 0 0 0 0 0 0 0 0 0 0 0 0 0 0 0 0 0 0 0 0 0 0 0
0 1 0 0 0 1 1 0 0 1 1 0 1 0 0 1 0 0 0 1 0 0 1 0 0 1 0 1 0 0 1 0 0 0 0 0 0 0 0 1 1 0 1 1 0 1 1 0 0 1 1 0 0 0 1 0 1 0 1 1 1
0 0 2 0 0 0 0 0 0 0 0 2 0 2 0 0 0 1 0 0 2 0 0 0 1 0 2 0 0 1 0 0 1 0 0 1 0 0 1 0 0 0 0 0 0 0 0 0 1 0 0 2 0 0 0 0 0 0 0 0 0
0 0 1 1 0 0 0 0 0 0 0 1 1 1 1 0 0 1 0 0 1 1 0 0 1 0 1 1 0 1 0 0 1 0 0 1 0 0 1 0 0 0 0 0 0 0 0 0 1 0 0 1 1 0 0 0 0 0 0 0 0
0 1 0 0 0 1 1 0 0 1 1 0 2 0 0 2 0 0 0 1 0 0 2 0 0 2 0 2 0 0 2 0 0 0 0 0 0 0 0 2 1 0 1 1 0 1 1 0 0 2 1 0 0 0 1 0 1 0 1 1 1
0 1 0 0 0 1 2 0 0 1 2 0 1 1 0 1 1 0 0 1 0 0 1 1 0 1 1 1 1 0 1 1 0 0 0 0 0 0 0 1 3 1 1 2 0 1 2 0 0 1 3 1 0 0 1 0 1 0 1 2 2
0 1 0 0 0 1 2 1 0 1 2 1 1 0 0 1 0 0 0 1 0 0 1 0 0 1 0 2 0 0 1 0 0 0 0 0 0 0 0 1 2 2 2 2 1 1 2 1 0 1 2 2 0 0 1 0 1 0 1 2 3
0 0 0 1 1 0 0 3 1 0 0 1 0 0 0 0 0 0 1 0 0 1 0 0 0 0 0 0 1 0 0 0 0 1 1 0 1 1 0 0 0 1 1 1 1 0 0 3 1 0 0 1 3 1 0 2 0 0 0 0 1
0 0 0 1 2 0 0 1 2 0 0 0 0 0 0 0 0 0 1 0 0 1 0 0 0 0 0 0 0 0 0 0 0 1 2 0 1 2 0 0 0 0 0 0 0 0 0 1 2 0 0 0 2 2 0 1 1 0 0 0 0
0 0 1 0 0 1 0 0 0 1 0 1 0 1 0 0 0 1 0 0 1 0 0 0 1 0 1 0 0 1 0 0 1 0 0 3 1 0 3 1 0 0 0 0 0 0 0 0 2 1 0 1 0 1 1 0 0 0 0 0 0
0 0 1 0 0 0 0 0 0 0 0 1 0 1 0 0 0 1 0 0 1 0 0 0 1 0 1 0 0 1 0 0 1 0 0 1 2 0 1 2 0 0 0 0 0 0 0 0 1 1 0 1 0 0 0 0 0 0 0 0 0
0 0 1 0 0 0 0 0 0 0 0 1 0 1 0 0 0 1 0 0 1 0 0 0 1 0 1 0 0 1 0 0 1 0 0 1 0 1 1 0 1 0 0 0 0 0 0 0 1 0 0 1 0 0 0 0 0 0 0 0 0
0 1 0 0 0 1 1 0 0 1 1 0 2 0 0 1 0 0 0 1 0 0 1 0 0 2 0 2 0 0 2 0 0 0 0 0 0 0 0 2 1 0 1 1 0 1 1 0 0 2 1 0 0 0 1 0 1 0 1 1 1
0 0 2 0 0 0 0 0 0 0 0 2 0 3 1 0 0 1 0 0 2 0 0 0 1 0 3 1 1 1 0 1 1 0 0 1 0 0 1 0 1 0 0 0 0 0 0 0 1 0 1 2 0 0 0 0 0 0 0 0 0
0 1 0 1 0 1 1 0 0 1 1 0 3 1 2 2 0 0 0 1 0 1 1 0 0 2 1 4 2 0 2 0 0 0 0 0 0 0 0 2 1 0 1 1 0 1 1 0 0 2 1 0 1 0 1 0 1 0 1 1 1
0 0 0 0 0 0 0 0 1 0 0 0 1 2 2 1 3 1 0 0 0 0 0 2 0 0 1 2 5 3 1 3 1 0 0 0 0 0 0 0 1 2 0 0 2 0 0 0 0 0 1 0 0 2 0 0 0 2 0 0 0
0 0 0 0 0 0 0 0 1 0 0 0 0 0 3 1 2 2 0 0 0 0 0 1 1 0 0 0 3 4 2 2 2 0 0 0 0 0 0 0 0 2 1 0 1 1 0 0 0 0 0 0 0 1 1 0 0 1 1 0 0
0 0 1 0 0 0 0 0 0 0 0 1 0 1 1 2 0 3 1 0 1 0 0 0 2 0 1 0 1 4 3 1 3 1 0 1 0 0 1 0 0 0 1 0 0 0 0 0 1 0 0 1 0 0 0 0 0 0 0 0 0
0 0 1 0 0 0 0 0 0 0 0 1 0 1 0 0 1 1 2 0 1 0 0 0 1 1 1 0 0 2 3 2 2 2 0 1 0 0 1 0 0 0 0 0 0 0 0 0 1 0 0 1 0 0 0 0 0 0 0 0 0
0 0 0 0 0 0 0 0 1 0 0 0 0 0 2 0 1 0 0 1 0 0 0 1 0 0 0 0 1 0 1 4 2 1 1 0 0 0 0 0 0 1 0 0 1 0 0 0 0 0 0 0 0 1 0 0 0 1 0 0 0
0 0 0 0 0 0 0 0 1 0 0 0 0 0 1 1 1 0 0 0 0 0 0 1 0 0 0 0 1 0 0 2 3 1 0 0 0 0 0 0 0 1 0 0 1 0 0 0 0 0 0 0 0 1 0 0 0 1 0 0 0
0 0 0 0 0 0 0 0 1 0 0 0 0 0 1 0 2 0 0 0 0 0 0 1 0 0 0 0 1 0 0 1 1 2 0 0 0 0 0 0 0 1 0 0 1 0 0 0 0 0 0 0 0 1 0 0 0 1 0 0 0
0 1 0 0 0 1 1 0 0 2 1 0 1 0 0 2 0 1 0 1 0 0 1 0 0 1 0 1 0 0 1 0 0 0 1 0 0 0 0 1 1 0 2 1 0 2 1 0 0 1 1 0 0 0 2 0 1 0 2 1 1
0 0 0 1 1 0 0 2 0 0 1 0 0 0 0 0 1 0 2 0 0 1 0 0 0 0 0 0 0 0 0 0 0 1 1 0 1 1 0 0 0 0 0 1 0 0 1 2 0 0 0 0 1 0 0 3 1 0 0 1 0
0 0 0 1 2 0 0 1 1 0 0 0 0 0 0 0 0 0 1 1 0 1 0 0 0 0 0 0 0 0 0 0 0 1 2 0 1 2 0 0 0 0 0 0 0 0 0 2 1 0 0 0 1 0 0 1 2 0 0 0 0
0 0 1 0 0 1 0 0 0 0 0 1 0 1 0 0 0 1 0 0 2 0 0 0 1 0 1 0 0 1 0 0 1 0 0 3 1 0 3 1 0 0 0 0 0 0 0 0 3 1 0 1 0 0 0 0 0 1 0 0 0
0 1 0 0 0 1 2 0 0 1 1 0 2 0 0 1 0 0 0 1 0 1 1 0 0 2 0 2 0 0 2 0 0 0 0 1 2 0 1 4 2 0 1 1 0 1 1 0 1 4 2 0 0 0 1 0 1 0 2 1 1
0 1 0 0 0 1 2 1 0 1 2 0 1 1 0 1 0 0 0 1 0 0 2 0 0 1 1 1 1 0 1 1 0 0 0 0 0 1 0 2 5 3 1 2 0 1 2 0 0 2 5 3 1 0 1 0 1 0 1 3 2
0 0 0 0 0 0 0 1 2 0 0 1 0 0 2 0 2 0 0 0 0 0 0 3 1 0 0 0 2 0 0 2 0 0 0 0 0 0 0 0 3 6 4 2 3 1 0 1 0 0 3 4 2 2 0 0 0 2 0 1 2
0 1 0 0 0 1 1 0 0 3 1 0 2 0 0 3 1 1 0 1 0 0 1 1 2 2 0 1 0 1 1 0 1 0 0 0 0 0 0 1 1 4 7 5 3 4 2 0 0 1 1 2 3 1 3 1 1 0 3 1 2
0 1 0 0 0 1 2 0 0 1 4 2 1 1 0 1 2 0 0 1 0 0 1 0 0 3 1 1 0 0 2 0 0 0 0 0 0 0 0 1 2 2 5 8 6 4 5 3 1 1 2 0 1 2 2 2 2 0 1 4 2
0 1 0 0 0 1 2 1 0 1 2 3 3 1 0 1 0 1 0 1 0 0 1 0 0 1 2 2 0 0 1 1 0 0 0 0 0 0 0 1 2 1 3 6 7 7 5 4 2 2 2 1 0 0 3 1 3 1 1 2 5
0 0 0 0 0 0 0 1 2 0 0 1 2 2 2 0 2 0 0 0 0 0 0 2 0 0 0 1 3 1 0 2 0 0 0 0 0 0 0 0 0 3 1 4 7 6 6 4 3 1 1 1 0 1 1 2 1 4 2 0 3
0 0 0 0 0 0 0 0 2 1 0 0 0 1 3 1 1 1 0 0 0 0 0 1 1 0 0 0 2 2 0 1 1 0 0 0 0 0 0 0 0 1 2 2 5 6 5 5 3 2 0 0 0 1 0 0 1 2 3 1 1
0 1 0 0 0 1 1 0 0 3 2 0 1 0 1 4 2 0 0 1 0 0 1 0 0 2 0 1 0 1 3 1 0 0 0 0 0 0 0 1 1 0 2 3 3 6 7 5 4 4 3 1 0 0 2 0 1 0 3 4 2
0 1 0 0 0 1 2 0 0 1 4 2 1 0 0 2 3 1 0 1 0 0 1 0 0 1 1 1 0 0 2 2 0 0 0 0 0 0 0 1 2 0 1 3 2 4 7 6 4 5 5 3 1 0 1 1 1 0 1 4 5
0 0 0 0 0 0 0 1 1 0 2 3 1 0 1 0 3 2 0 0 0 0 0 2 0 0 0 0 2 0 0 3 1 0 0 0 0 0 0 0 0 3 1 1 4 2 5 6 5 3 4 4 2 2 0 0 0 2 0 2 3
0 0 0 0 0 0 0 0 2 0 0 1 2 0 1 0 1 2 1 0 0 0 0 1 1 0 0 0 1 1 0 1 2 0 0 0 0 0 0 0 0 1 2 0 2 3 3 4 5 4 2 3 3 3 1 0 0 1 1 0 1
0 1 0 0 0 1 1 0 0 3 1 0 2 1 0 2 0 0 1 2 0 0 1 0 0 2 0 1 0 0 2 0 0 1 0 0 0 0 0 1 1 0 2 3 1 3 4 2 3 6 5 3 2 2 4 2 1 0 2 2 1
0 1 0 0 0 1 2 0 0 1 4 2 1 1 0 1 1 0 0 2 1 0 1 0 0 1 1 1 0 0 1 1 0 0 0 0 0 0 0 1 2 0 1 3 2 2 4 3 1 4 7 5 3 1 3 3 3 1 1 3 3
0 0 0 0 0 0 0 1 1 0 2 3 1 0 2 0 2 0 0 0 1 0 0 2 0 0 0 0 2 0 0 2 0 0 0 0 0 0 0 0 0 3 1 1 4 2 2 3 2 2 5 6 4 4 2 2 2 4 2 1 2
0 0 1 0 0 0 0 0 0 0 0 3 2 2 0 1 0 3 1 0 1 0 0 0 3 1 1 0 0 3 1 0 3 1 0 1 0 0 1 0 0 1 2 0 2 3 1 1 4 2 3 6 5 3 3 1 1 2 3 1 0
0 0 1 0 0 0 0 0 0 0 0 1 2 3 1 0 0 1 2 0 1 0 0 0 1 2 2 0 0 1 2 0 1 2 0 1 0 0 1 0 0 0 0 1 0 1 2 0 2 3 1 4 5 4 2 2 0 0 1 2 0
0 0 1 0 0 0 0 0 0 0 0 1 0 3 2 0 0 1 0 1 1 0 0 0 1 0 3 1 0 1 0 1 1 0 1 1 0 0 1 0 0 0 0 0 0 0 0 1 1 1 2 2 3 4 3 1 1 0 0 0 1
0 0 0 0 0 0 0 0 1 0 0 0 0 1 4 2 1 0 0 0 0 0 0 1 0 0 1 2 2 0 0 1 0 0 0 0 0 0 0 0 0 1 0 0 1 0 0 0 0 0 0 1 1 4 3 2 0 2 0 0 0
0 0 0 1 1 0 0 1 0 0 0 0 0 0 2 3 1 0 1 0 0 1 0 0 0 0 0 0 1 1 0 0 0 1 1 0 1 1 0 0 0 0 0 0 0 0 0 1 0 0 0 0 2 2 3 4 2 0 1 0 0
0 1 0 0 0 2 1 0 0 1 1 0 1 0 0 3 2 0 0 2 0 0 2 0 0 1 0 1 0 0 2 0 0 0 0 0 0 0 0 1 1 0 1 1 0 1 1 0 0 1 1 0 0 1 3 2 5 3 1 2 1
0 0 2 0 0 0 1 0 0 0 0 2 0 2 0 1 2 3 1 0 3 1 0 1 1 0 2 0 0 1 0 1 1 0 0 1 0 0 1 0 0 0 0 0 0 0 0 0 1 0 0 2 0 0 1 2 3 4 2 0 1
0 0 0 1 0 0 0 0 1 0 0 0 1 0 3 1 2 1 2 0 1 2 0 1 0 0 0 1 1 0 0 1 0 0 0 0 0 0 0 0 0 1 0 0 1 0 0 0 0 0 0 0 1 1 0 0 1 4 3 1 0
0 0 1 0 0 0 0 0 0 0 0 1 0 2 1 2 0 3 1 1 1 0 1 0 2 0 1 0 0 2 0 0 2 0 0 1 0 0 1 0 0 0 0 0 0 0 0 0 1 0 0 1 0 0 0 0 0 2 3 2 0
0 0 0 0 0 0 0 0 1 0 0 0 0 0 3 1 3 1 2 0 0 0 0 2 0 1 0 0 1 0 1 1 0 1 0 0 0 0 0 0 0 1 0 0 1 0 0 0 0 0 0 0 0 1 0 0 0 1 1 2 1
0 0 1 0 0 0 0 0 0 0 0 1 0 1 1 2 1 4 2 1 1 0 0 0 3 1 2 0 0 2 0 0 2 0 0 1 0 0 1 0 0 0 0 0 0 0 0 0 1 0 0 1 0 0 0 0 0 0 0 0 1
0 0 1 0 0 0 0 0 0 0 0 1 0 1 0 0 1 2 3 1 2 0 0 0 1 2 2 1 0 1 1 0 1 1 0 1 0 0 1 0 0 0 0 0 0 0 0 0 1 0 0 1 0 0 0 0 0 0 0 0 0
0 0 0 2 1 0 0 1 0 0 0 0 0 0 0 0 0 0 3 2 0 3 1 0 0 0 1 1 0 0 0 0 0 2 2 0 2 1 0 0 0 0 0 0 0 0 0 1 0 0 0 0 2 0 0 1 0 0 0 0 0
0 0 1 0 1 0 0 0 0 0 0 1 0 1 0 0 0 1 1 2 3 1 2 0 1 0 1 0 0 1 0 0 1 0 1 3 1 1 2 0 0 0 0 0 0 0 0 0 2 0 0 1 0 1 0 0 0 0 0 0 0
0 1 0 0 0 2 1 0 0 1 1 0 2 0 0 1 0 0 0 2 1 2 2 1 0 2 0 2 0 0 2 0 0 0 0 1 2 0 0 3 1 0 1 1 0 1 1 0 0 3 1 0 0 0 2 0 1 0 1 1 1
0 0 0 1 1 0 1 2 0 0 0 0 0 1 0 0 0 0 1 0 1 2 1 1 0 0 1 0 1 0 0 1 0 1 1 0 2 3 1 1 2 0 0 0 0 0 0 2 0 1 2 0 1 0 0 3 1 0 0 0 0
0 1 0 0 0 2 1 0 1 1 1 0 1 0 0 1 0 0 0 2 0 0 3 1 0 1 0 2 0 0 1 0 0 0 0 0 0 1 2 2 2 1 1 1 0 1 1 0 1 1 2 1 0 0 1 1 4 2 1 1 1
0 0 2 0 0 0 1 0 0 0 0 2 0 2 0 0 0 1 0 0 3 1 1 2 2 0 2 0 1 1 0 0 1 0 0 1 0 0 2 1 1 1 0 0 0 0 0 0 1 0 0 3 1 0 0 0 2 3 1 0 0
0 0 0 1 0 0 0 0 1 0 0 0 1 0 3 1 1 0 0 0 1 2 0 2 1 1 0 1 1 0 0 1 0 0 0 0 0 0 0 1 0 2 0 0 1 0 0 0 0 0 0 1 2 2 0 0 0 3 2 0 0
0 0 1 0 0 0 0 0 0 0 0 1 0 2 1 2 0 2 0 0 1 0 1 0 3 1 2 0 0 2 0 0 2 0 0 1 0 0 1 0 0 0 1 0 0 0 0 0 1 0 0 1 0 1 1 0 0 1 2 1 0

Puntaje maximo: 8

Subsecuencia 1 del puntaje maximo:
Subsecuencia: ggtaacaa
Secuencia 1: attaaaggtttataccttcccaggtaacaaaccaaccaactttcgatctcttgtagatct
Secuencia 2: atggaagcaatatcactgatgactatactactggtggtaacaacaagtaatgcagacaaa
Posicion en Secuencia 1: 23 a 31
Posicion en Secuencia 2: 36 a 44
